==> File path: ./picked_test_cases/03InverseStronglyCorrelated/n00050.kp
Size: 50 items, Time taken: 0.20299386978149414 s
Total value = 123285
Total weight: 138285
Packed items: [3, 5, 6, 7, 8, 10, 13, 15, 25, 26, 29, 42, 44, 46, 47]
Packed_weights: [10201, 10877, 8042, 9040, 9032, 9195, 9614, 8213, 9150, 8697, 8424, 9295, 9064, 9571, 9870]


==> File path: ./picked_test_cases/03InverseStronglyCorrelated/n00100.kp
Size: 100 items, Time taken: 1.8873050212860107 s
Total value = 276984
Total weight: 309984
Packed items: [2, 8, 17, 18, 19, 29, 30, 31, 33, 34, 39, 41, 43, 46, 48, 54, 55, 60, 61, 64, 68, 69, 70, 71, 75, 81, 85, 87, 89, 93, 94, 97, 99]
Packed_weights: [9448, 10001, 9587, 8977, 9239, 7996, 8593, 8796, 10677, 8631, 9776, 9180, 9119, 10854, 10784, 8072, 7412, 9581, 9668, 8535, 10897, 9602, 10950, 10027, 9399, 7430, 10442, 10787, 8966, 8208, 9185, 9875, 9290]


==> File path: ./picked_test_cases/03InverseStronglyCorrelated/n00200.kp
Size: 200 items, Time taken: 300.1066451072693 s (time limit exceeded)
Total value = 543118
Total weight: 608118
Packed items: [9, 13, 14, 16, 17, 20, 21, 24, 25, 28, 31, 32, 34, 35, 36, 40, 41, 49, 54, 57, 65, 73, 80, 81, 84, 85, 91, 92, 94, 96, 100, 101, 104, 105, 108, 110, 113, 114, 116, 118, 122, 129, 130, 131, 132, 135, 136, 138, 141, 144, 150, 153, 160, 161, 162, 163, 166, 173, 178, 186, 187, 188, 193, 196, 197]
Packed_weights: [8435, 8951, 8370, 9481, 8174, 8005, 10230, 8751, 10627, 8512, 9764, 8458, 9677, 8321, 9103, 10097, 10118, 9355, 9826, 9587, 10449, 10716, 10701, 9444, 8851, 9943, 7958, 8547, 9491, 9335, 8099, 9830, 9356, 7920, 9863, 10540, 8082, 7812, 9676, 10163, 10087, 9135, 10418, 9032, 9386, 8694, 10952, 9994, 9321, 7959, 8435, 8760, 8981, 10849, 8232, 10747, 9662, 10237, 9433, 9694, 9098, 9975, 10271, 8661, 9487]


==> File path: ./picked_test_cases/03InverseStronglyCorrelated/n00500.kp
Size: 500 items, Time taken: 311.8664152622223 s (time limit exceeded)
Total value = 1276718
Total weight: 1429718
Packed items: [0, 3, 8, 10, 13, 14, 15, 16, 18, 22, 24, 25, 26, 28, 31, 33, 34, 37, 38, 43, 48, 56, 59, 63, 64, 68, 77, 80, 83, 84, 86, 90, 91, 93, 96, 97, 99, 105, 109, 114, 121, 122, 123, 126, 131, 132, 138, 140, 148, 151, 152, 157, 158, 163, 164, 167, 172, 174, 175, 176, 179, 180, 189, 192, 195, 197, 198, 199, 200, 205, 206, 209, 211, 212, 213, 214, 215, 221, 232, 235, 236, 239, 247, 248, 251, 256, 261, 262, 263, 270, 276, 280, 281, 287, 289, 291, 292, 295, 301, 303, 308, 312, 314, 315, 323, 325, 337, 341, 345, 347, 351, 353, 359, 360, 362, 363, 366, 367, 372, 376, 381, 383, 389, 390, 393, 394, 402, 404, 405, 407, 408, 410, 415, 416, 426, 429, 435, 437, 442, 447, 448, 455, 457, 458, 459, 477, 478, 483, 487, 491, 494, 498, 499]
Packed_weights: [10583, 10987, 9896, 10595, 10321, 7853, 10239, 8082, 9814, 9499, 10380, 8740, 10612, 7984, 10568, 8812, 10547, 9253, 7676, 10251, 10165, 7733, 10965, 10296, 10522, 9956, 8960, 7937, 9282, 10211, 9466, 10913, 8437, 8273, 8842, 9198, 10428, 7921, 10672, 9662, 8350, 10251, 9342, 9490, 8503, 8182, 7658, 9895, 8663, 10856, 9464, 9639, 9178, 9027, 9931, 9486, 9388, 7967, 9174, 10738, 9743, 8617, 10696, 9647, 8678, 10486, 7865, 9067, 9253, 10384, 10094, 8399, 10705, 10418, 8270, 10015, 9009, 10259, 9133, 9780, 10591, 10505, 10945, 9203, 9014, 10146, 7862, 9080, 7708, 8783, 10206, 7890, 10328, 10176, 9231, 9688, 8827, 7820, 8980, 10795, 8364, 8771, 7805, 8140, 9087, 10408, 7974, 9587, 9263, 10238, 8324, 9031, 10055, 10262, 10046, 7900, 10529, 10197, 9549, 8934, 9169, 9322, 8576, 8941, 7641, 8326, 9980, 9985, 8374, 9993, 9095, 9843, 9581, 9295, 9901, 8659, 8353, 8069, 10102, 10604, 10319, 8687, 8186, 7850, 8865, 7766, 7904, 9007, 9341, 9725, 8680, 9495, 9611]


==> File path: ./picked_test_cases/03InverseStronglyCorrelated/n01000.kp
Size: 1000 items, Time taken: 36.93008995056152 s
Total value = 2737899
Total weight: 3059899
Packed items: [2, 3, 4, 6, 14, 15, 20, 21, 22, 34, 36, 37, 41, 42, 44, 46, 48, 49, 62, 65, 66, 67, 69, 71, 74, 75, 79, 86, 87, 89, 92, 94, 95, 97, 98, 102, 104, 105, 106, 107, 108, 118, 120, 121, 124, 125, 128, 132, 136, 137, 139, 143, 144, 146, 148, 149, 158, 160, 161, 163, 170, 171, 172, 174, 178, 185, 190, 194, 197, 200, 201, 202, 203, 207, 210, 212, 215, 219, 222, 231, 233, 235, 238, 243, 245, 247, 250, 258, 260, 261, 262, 263, 264, 277, 278, 279, 282, 284, 286, 298, 305, 306, 308, 309, 311, 313, 315, 323, 330, 331, 332, 337, 339, 340, 341, 343, 347, 349, 350, 356, 360, 365, 369, 371, 375, 379, 380, 381, 382, 384, 385, 386, 387, 391, 395, 403, 404, 406, 412, 413, 414, 422, 426, 439, 441, 447, 448, 449, 451, 452, 456, 458, 466, 469, 471, 474, 477, 484, 487, 488, 489, 491, 494, 502, 507, 511, 515, 516, 520, 523, 525, 526, 530, 533, 537, 539, 541, 543, 545, 547, 554, 555, 557, 560, 561, 563, 568, 573, 574, 576, 579, 581, 587, 588, 597, 598, 600, 602, 604, 605, 606, 608, 609, 613, 614, 618, 620, 627, 635, 636, 639, 644, 650, 651, 653, 656, 663, 664, 665, 667, 673, 678, 683, 687, 689, 693, 695, 696, 698, 700, 708, 712, 715, 716, 725, 727, 729, 730, 736, 742, 743, 758, 759, 764, 765, 766, 773, 774, 777, 779, 783, 784, 787, 789, 794, 795, 799, 804, 806, 810, 813, 815, 818, 823, 828, 836, 841, 843, 847, 853, 856, 862, 864, 865, 875, 884, 885, 886, 887, 888, 891, 892, 898, 901, 903, 904, 905, 906, 909, 915, 916, 918, 920, 922, 924, 926, 927, 930, 931, 933, 936, 940, 945, 949, 950, 953, 959, 960, 961, 967, 968, 970, 976, 978, 982, 986, 987, 989, 990, 991, 992, 999]
Packed_weights: [9434, 9987, 9822, 10489, 8764, 8527, 9389, 9005, 10338, 9152, 8487, 9117, 10073, 8917, 8766, 9655, 8410, 10804, 10433, 9947, 8584, 10657, 9709, 8341, 8697, 8418, 10341, 10727, 9582, 8632, 10962, 10327, 10854, 9140, 10887, 8939, 8519, 8040, 9579, 8346, 9610, 10451, 10828, 9325, 9791, 10551, 8536, 8216, 9798, 8766, 9549, 10683, 10374, 8805, 9832, 9917, 9649, 9666, 10433, 9467, 10627, 10920, 8500, 10893, 8751, 8021, 10446, 9545, 9605, 8132, 9958, 8439, 8931, 9965, 9033, 10286, 9107, 8102, 9566, 8555, 9024, 10524, 9275, 8562, 8337, 9459, 10798, 9387, 7987, 10379, 10295, 9476, 9988, 8775, 9022, 8471, 10555, 10455, 8966, 10611, 8431, 8455, 10956, 10577, 9777, 8772, 10340, 8536, 9515, 10840, 8475, 10432, 9228, 10618, 9202, 8095, 8932, 9370, 8295, 9711, 7986, 10175, 8212, 8768, 9703, 10289, 10339, 8845, 10748, 10842, 8483, 8715, 9827, 10430, 9027, 8349, 10989, 10783, 9233, 10101, 10684, 8950, 9422, 10905, 10685, 9173, 7963, 10788, 10582, 10366, 8094, 8054, 10257, 8367, 9608, 10265, 10088, 8854, 8188, 10573, 8435, 9267, 9309, 9999, 9225, 8417, 10196, 8244, 8297, 10205, 9880, 8859, 10298, 9431, 8190, 10444, 9465, 9191, 8125, 9790, 10258, 9543, 10792, 9815, 10304, 10150, 10117, 8800, 8560, 10016, 8128, 10157, 8602, 9373, 9953, 9691, 8085, 10843, 9183, 10492, 10655, 8343, 9247, 8870, 10415, 8999, 10490, 9977, 9941, 8128, 9086, 8532, 9905, 10673, 9920, 10869, 8777, 8587, 8722, 8114, 10878, 10522, 10291, 10000, 9618, 9248, 10587, 8426, 9379, 9631, 9868, 8914, 7963, 8321, 8012, 9469, 9968, 10960, 8110, 7957, 8840, 9008, 10286, 8984, 10580, 8116, 8619, 8018, 9133, 10627, 9439, 8619, 10171, 10844, 10373, 9404, 8501, 10515, 9293, 10035, 9203, 8577, 10523, 9808, 8625, 10366, 10065, 8286, 10857, 8028, 10036, 8993, 8142, 8047, 8513, 10364, 9842, 9530, 10770, 9033, 9998, 9705, 9742, 8736, 10528, 9616, 8518, 8828, 10889, 9550, 10087, 9474, 10410, 9887, 10454, 8399, 10776, 9899, 9441, 9566, 10065, 10815, 10600, 9075, 8081, 9757, 9589, 10489, 8504, 10451, 9484, 8737, 10604, 9043, 8365, 8690, 10641, 9543, 8455, 10167, 10001, 9687]


==> File path: ./picked_test_cases/03InverseStronglyCorrelated/n02000.kp
Size: 2000 items, Time taken: 301.88139367103577 s (time limit exceeded)
Total value = 5348807
Total weight: 5976807
Packed items: [12, 14, 15, 17, 18, 27, 31, 34, 35, 36, 43, 44, 46, 48, 50, 64, 65, 67, 74, 77, 78, 85, 91, 97, 105, 107, 108, 113, 114, 122, 133, 136, 137, 141, 146, 152, 156, 157, 160, 161, 164, 165, 168, 173, 174, 175, 178, 179, 180, 181, 182, 186, 188, 198, 199, 201, 203, 208, 213, 215, 218, 221, 225, 230, 232, 234, 236, 240, 242, 244, 247, 259, 263, 265, 267, 268, 272, 273, 276, 278, 280, 282, 288, 289, 290, 292, 293, 294, 295, 296, 297, 302, 305, 311, 323, 329, 330, 333, 334, 335, 339, 340, 341, 343, 344, 351, 356, 362, 365, 369, 373, 374, 375, 381, 386, 389, 392, 393, 401, 409, 410, 419, 420, 421, 423, 427, 429, 431, 435, 442, 443, 444, 446, 447, 449, 450, 462, 465, 470, 477, 478, 480, 491, 492, 496, 501, 502, 504, 510, 514, 518, 519, 520, 527, 530, 531, 538, 541, 543, 544, 547, 552, 554, 557, 560, 562, 566, 569, 575, 576, 577, 583, 588, 589, 593, 595, 598, 599, 601, 603, 609, 611, 618, 622, 623, 624, 627, 628, 631, 632, 637, 649, 652, 653, 655, 663, 666, 674, 678, 683, 686, 689, 690, 696, 710, 711, 712, 716, 719, 721, 722, 725, 726, 730, 733, 738, 740, 743, 744, 747, 749, 755, 757, 759, 767, 771, 773, 775, 777, 778, 779, 780, 783, 787, 788, 789, 793, 797, 799, 802, 806, 809, 810, 812, 813, 814, 823, 829, 832, 837, 844, 852, 855, 857, 858, 859, 862, 863, 869, 870, 872, 880, 881, 889, 890, 895, 897, 899, 902, 913, 915, 916, 919, 922, 925, 927, 938, 939, 942, 943, 946, 947, 951, 959, 960, 964, 965, 967, 968, 969, 972, 973, 978, 980, 985, 988, 993, 994, 995, 996, 1004, 1023, 1024, 1025, 1026, 1032, 1033, 1036, 1039, 1045, 1050, 1057, 1058, 1059, 1062, 1063, 1064, 1069, 1073, 1074, 1075, 1076, 1081, 1084, 1085, 1089, 1090, 1092, 1097, 1099, 1100, 1104, 1106, 1113, 1114, 1116, 1117, 1121, 1122, 1123, 1127, 1132, 1133, 1135, 1137, 1138, 1144, 1146, 1148, 1150, 1151, 1153, 1157, 1160, 1163, 1167, 1171, 1176, 1178, 1180, 1186, 1187, 1189, 1190, 1194, 1197, 1199, 1203, 1204, 1209, 1210, 1211, 1224, 1227, 1228, 1229, 1233, 1234, 1237, 1242, 1244, 1248, 1249, 1251, 1252, 1259, 1260, 1264, 1265, 1271, 1275, 1279, 1280, 1282, 1283, 1285, 1286, 1293, 1296, 1301, 1302, 1303, 1309, 1310, 1314, 1315, 1317, 1318, 1319, 1321, 1322, 1324, 1326, 1328, 1329, 1331, 1332, 1333, 1334, 1335, 1336, 1339, 1342, 1343, 1346, 1347, 1350, 1355, 1361, 1363, 1365, 1366, 1372, 1374, 1378, 1380, 1381, 1382, 1390, 1396, 1397, 1398, 1399, 1404, 1409, 1415, 1417, 1418, 1419, 1420, 1423, 1424, 1430, 1432, 1433, 1434, 1436, 1437, 1440, 1444, 1446, 1449, 1451, 1459, 1460, 1462, 1465, 1467, 1469, 1471, 1472, 1474, 1477, 1488, 1490, 1501, 1502, 1512, 1517, 1521, 1523, 1526, 1528, 1529, 1530, 1531, 1532, 1533, 1534, 1536, 1544, 1547, 1548, 1549, 1552, 1555, 1556, 1557, 1559, 1563, 1573, 1574, 1576, 1577, 1583, 1586, 1589, 1590, 1591, 1592, 1599, 1600, 1604, 1607, 1608, 1610, 1613, 1614, 1616, 1626, 1634, 1636, 1640, 1645, 1647, 1652, 1657, 1658, 1659, 1660, 1663, 1665, 1667, 1670, 1673, 1674, 1677, 1683, 1686, 1688, 1692, 1694, 1703, 1704, 1706, 1707, 1711, 1716, 1718, 1721, 1725, 1727, 1733, 1741, 1742, 1747, 1750, 1752, 1755, 1761, 1763, 1766, 1773, 1779, 1783, 1791, 1798, 1799, 1801, 1811, 1815, 1816, 1818, 1824, 1829, 1834, 1835, 1837, 1839, 1843, 1844, 1847, 1849, 1850, 1852, 1855, 1857, 1858, 1861, 1863, 1867, 1882, 1883, 1886, 1889, 1896, 1902, 1903, 1904, 1910, 1913, 1924, 1926, 1927, 1929, 1930, 1932, 1934, 1941, 1944, 1949, 1950, 1951, 1952, 1954, 1956, 1957, 1959, 1960, 1963, 1972, 1975, 1980, 1986, 1988, 1991, 1992, 1994]
Packed_weights: [8435, 8893, 10563, 9936, 9077, 8879, 10484, 10739, 9326, 8904, 7993, 8279, 9425, 10188, 8958, 10528, 8829, 9170, 10188, 10406, 8654, 10190, 8303, 10250, 9406, 9830, 9761, 9257, 9606, 10933, 8240, 9064, 8279, 8110, 8184, 10024, 10564, 7919, 9455, 9541, 8424, 10156, 8983, 8142, 8481, 10065, 10313, 8305, 10975, 9139, 10534, 8580, 10482, 8800, 8728, 8529, 9649, 8430, 10516, 8835, 8322, 10941, 10624, 9483, 10314, 10661, 9842, 10712, 9423, 9992, 10691, 10238, 10577, 8249, 9140, 9936, 10530, 8862, 9887, 10529, 9352, 10646, 10573, 10710, 10278, 8693, 8431, 9317, 10690, 9329, 8645, 8526, 8310, 8399, 10283, 10541, 10685, 8639, 10256, 8586, 10397, 10106, 9852, 8821, 8881, 10993, 7978, 10858, 9358, 8196, 10349, 9761, 9192, 9721, 9936, 10340, 10177, 8354, 9279, 8319, 10701, 10806, 9099, 9886, 9941, 10508, 8377, 9948, 8330, 10543, 8995, 8929, 9380, 9104, 10555, 9076, 7995, 10655, 8170, 10258, 9106, 8584, 10886, 9063, 10173, 9431, 9854, 8608, 9286, 9671, 10509, 8956, 8200, 10150, 9173, 8624, 9301, 8989, 10017, 10318, 10423, 9078, 8113, 9343, 10974, 10619, 10779, 10622, 9732, 8852, 8202, 8804, 10215, 9334, 8557, 8595, 9084, 8181, 8045, 8627, 10714, 8562, 8714, 8558, 9594, 8037, 8250, 9533, 9745, 8765, 9484, 8797, 10549, 9603, 9865, 8866, 8792, 8190, 9140, 10784, 8643, 10744, 8042, 9553, 10578, 10665, 8539, 9826, 9868, 10124, 9902, 9653, 9924, 10293, 9949, 9284, 8661, 10027, 10446, 9928, 8374, 10163, 8060, 9923, 9601, 8780, 10073, 9822, 8264, 10794, 9967, 8963, 8273, 9855, 9088, 10427, 10012, 10976, 8998, 9894, 9206, 10110, 8426, 9561, 10667, 10393, 10177, 8003, 10476, 8374, 8835, 10923, 10751, 8394, 8090, 10104, 8364, 8477, 8478, 10810, 9241, 9785, 10867, 9772, 10168, 9929, 10833, 8789, 10387, 9774, 8800, 8027, 10155, 8828, 8485, 10841, 10499, 9843, 9196, 10128, 10991, 8535, 8093, 8053, 9112, 7940, 8214, 8999, 10943, 10858, 10413, 9188, 10630, 9761, 8112, 8972, 10307, 8929, 9341, 9590, 9671, 9443, 9869, 9868, 9356, 9838, 9232, 10217, 8380, 8089, 8474, 10654, 10681, 10018, 10875, 10120, 10643, 9153, 10483, 8880, 8674, 8570, 10365, 10326, 10500, 10941, 9045, 10809, 9732, 10764, 8682, 9806, 9710, 8755, 10963, 10896, 10946, 10621, 10231, 8308, 10339, 10825, 9174, 7933, 10667, 8291, 9993, 10797, 9190, 8446, 8856, 9669, 10597, 10815, 8673, 8748, 10841, 7900, 10586, 10231, 7925, 10497, 10294, 8139, 10014, 8933, 9257, 10218, 9674, 9986, 9232, 9505, 8260, 10582, 10473, 10533, 7995, 8886, 9254, 8901, 8485, 8227, 10476, 8139, 10740, 9932, 9726, 10154, 10965, 8651, 9154, 9877, 10034, 9114, 8924, 9182, 8330, 9651, 10815, 8944, 8097, 9678, 8091, 8897, 10266, 8014, 9137, 9084, 9692, 9133, 9066, 8540, 9525, 9329, 9417, 9675, 10042, 10080, 10152, 9912, 10903, 8033, 9814, 10958, 10087, 9168, 10241, 10737, 9761, 10503, 10415, 9653, 10111, 8817, 10433, 8827, 10977, 10542, 9795, 7967, 8292, 8417, 10218, 8723, 9800, 10417, 9517, 10052, 10909, 10257, 7997, 9573, 10954, 9975, 10309, 8783, 9128, 9277, 9841, 8343, 9582, 10260, 10480, 9445, 9526, 10569, 10675, 9327, 10428, 9943, 9649, 10113, 8176, 9971, 8353, 9345, 9856, 9829, 10607, 8030, 8043, 9112, 9485, 8137, 8055, 8347, 8965, 8733, 10054, 10773, 10961, 10026, 10339, 9923, 8302, 9225, 8895, 7879, 7990, 9318, 8473, 8303, 8795, 10742, 10142, 8875, 10469, 9229, 8164, 10182, 9341, 8739, 9544, 9672, 9273, 8795, 10411, 10848, 8460, 9280, 9608, 9189, 9685, 8182, 9280, 9684, 7931, 7891, 8859, 10914, 10749, 9489, 10455, 9845, 10849, 8547, 10904, 10945, 9745, 8033, 9145, 8766, 9138, 8765, 10101, 8599, 8978, 10572, 9988, 10671, 9829, 10644, 8991, 8209, 10825, 9374, 8122, 10599, 10647, 9721, 9989, 9228, 10391, 7966, 8596, 8594, 9664, 10078, 9693, 10570, 8892, 9586, 10705, 10502, 9225, 9293, 10087, 8732, 8555, 9966, 8610, 9652, 10542, 9580, 10294, 9262, 10174, 10753, 10914, 8678, 9580, 9814, 10854, 10844, 8072, 10576, 9215, 9126, 10004, 9780, 9608, 10789, 9921, 8795, 8241, 8755, 8354, 8614, 9430, 8683, 8898, 9972, 10161, 10523, 9447, 9661, 8438, 9040, 10227, 8313, 9584, 10078, 8185, 9007, 8938, 7941, 10404, 8320]


==> File path: ./picked_test_cases/03InverseStronglyCorrelated/n05000.kp
Size: 5000 items, Time taken: 325.6878037452698 s (time limit exceeded)
Total value = 13236621
Total weight: 14794621
Packed items: [0, 14, 16, 18, 19, 20, 25, 26, 29, 32, 39, 40, 41, 43, 48, 50, 51, 55, 58, 63, 64, 67, 68, 74, 76, 81, 91, 95, 98, 100, 102, 107, 112, 115, 116, 125, 129, 144, 145, 147, 149, 150, 154, 161, 164, 165, 168, 173, 177, 179, 180, 181, 182, 184, 185, 189, 190, 191, 193, 206, 208, 218, 222, 227, 228, 232, 233, 236, 241, 250, 254, 255, 257, 259, 261, 262, 263, 264, 270, 271, 272, 290, 292, 293, 296, 297, 300, 302, 304, 307, 309, 310, 311, 316, 319, 322, 324, 326, 331, 333, 335, 337, 338, 340, 343, 346, 349, 355, 356, 358, 359, 362, 363, 364, 371, 373, 374, 376, 377, 380, 383, 386, 387, 391, 392, 396, 397, 401, 406, 411, 417, 422, 423, 425, 427, 430, 437, 439, 440, 442, 448, 452, 454, 455, 457, 458, 459, 460, 462, 463, 464, 465, 466, 478, 482, 486, 489, 492, 493, 494, 495, 496, 497, 501, 505, 509, 511, 513, 516, 522, 524, 530, 531, 532, 534, 546, 548, 549, 550, 554, 555, 556, 559, 563, 564, 565, 570, 575, 579, 582, 584, 593, 599, 604, 605, 606, 610, 611, 613, 614, 615, 617, 618, 619, 624, 625, 626, 627, 628, 631, 632, 635, 640, 642, 644, 646, 650, 652, 654, 660, 662, 664, 666, 667, 668, 669, 670, 672, 674, 677, 678, 679, 680, 682, 683, 692, 693, 694, 696, 699, 700, 701, 704, 706, 708, 711, 721, 722, 723, 729, 737, 745, 746, 752, 753, 754, 757, 759, 761, 763, 767, 776, 779, 780, 782, 785, 786, 790, 791, 795, 796, 801, 807, 811, 815, 817, 818, 820, 824, 825, 826, 836, 838, 840, 843, 844, 846, 847, 849, 850, 854, 856, 859, 861, 863, 864, 866, 867, 878, 879, 880, 881, 883, 887, 888, 889, 890, 895, 896, 898, 905, 908, 910, 911, 916, 917, 923, 924, 927, 928, 932, 939, 952, 956, 958, 959, 964, 968, 969, 976, 979, 983, 984, 991, 993, 994, 997, 1005, 1007, 1012, 1016, 1018, 1021, 1022, 1036, 1045, 1049, 1057, 1059, 1063, 1068, 1074, 1076, 1077, 1079, 1082, 1084, 1086, 1089, 1097, 1098, 1099, 1100, 1101, 1102, 1103, 1104, 1106, 1112, 1116, 1118, 1123, 1124, 1133, 1135, 1140, 1143, 1145, 1146, 1147, 1148, 1150, 1160, 1165, 1167, 1172, 1173, 1175, 1183, 1190, 1193, 1194, 1195, 1201, 1203, 1204, 1207, 1210, 1212, 1213, 1214, 1215, 1217, 1223, 1225, 1226, 1227, 1232, 1236, 1237, 1248, 1249, 1250, 1251, 1255, 1258, 1262, 1264, 1265, 1268, 1272, 1273, 1278, 1279, 1280, 1284, 1295, 1296, 1298, 1301, 1303, 1304, 1306, 1308, 1315, 1316, 1317, 1327, 1328, 1329, 1330, 1334, 1335, 1343, 1344, 1345, 1352, 1362, 1375, 1377, 1382, 1385, 1386, 1387, 1390, 1392, 1393, 1396, 1398, 1403, 1413, 1414, 1415, 1420, 1421, 1426, 1428, 1429, 1432, 1433, 1435, 1437, 1438, 1439, 1441, 1443, 1447, 1450, 1451, 1452, 1454, 1459, 1460, 1462, 1467, 1469, 1479, 1484, 1486, 1490, 1495, 1497, 1498, 1500, 1501, 1502, 1504, 1505, 1506, 1508, 1513, 1516, 1518, 1519, 1530, 1535, 1538, 1540, 1545, 1547, 1549, 1550, 1556, 1561, 1569, 1572, 1582, 1588, 1589, 1590, 1591, 1593, 1594, 1599, 1600, 1604, 1606, 1608, 1612, 1618, 1625, 1627, 1629, 1631, 1635, 1637, 1640, 1644, 1645, 1648, 1650, 1652, 1653, 1657, 1663, 1665, 1671, 1672, 1674, 1682, 1686, 1687, 1688, 1692, 1696, 1700, 1702, 1703, 1713, 1718, 1721, 1722, 1724, 1727, 1728, 1734, 1736, 1742, 1747, 1753, 1754, 1755, 1761, 1763, 1764, 1765, 1770, 1777, 1781, 1783, 1786, 1788, 1790, 1796, 1797, 1800, 1802, 1815, 1816, 1817, 1821, 1824, 1825, 1826, 1827, 1832, 1833, 1840, 1843, 1844, 1852, 1856, 1860, 1863, 1864, 1865, 1870, 1873, 1878, 1880, 1884, 1886, 1887, 1888, 1890, 1891, 1895, 1896, 1910, 1913, 1917, 1922, 1925, 1930, 1933, 1934, 1935, 1936, 1937, 1941, 1944, 1945, 1949, 1954, 1958, 1959, 1963, 1966, 1967, 1969, 1974, 1978, 1979, 1983, 1985, 1991, 1992, 1993, 1998, 2000, 2003, 2004, 2006, 2007, 2008, 2011, 2014, 2016, 2020, 2021, 2022, 2023, 2026, 2028, 2029, 2032, 2033, 2035, 2039, 2040, 2044, 2045, 2048, 2055, 2056, 2057, 2059, 2066, 2068, 2070, 2071, 2073, 2076, 2077, 2080, 2081, 2083, 2085, 2091, 2092, 2094, 2095, 2097, 2099, 2108, 2110, 2124, 2126, 2127, 2131, 2135, 2140, 2141, 2144, 2147, 2149, 2154, 2159, 2160, 2161, 2167, 2169, 2170, 2172, 2177, 2181, 2182, 2183, 2184, 2194, 2201, 2202, 2203, 2204, 2207, 2210, 2211, 2219, 2220, 2221, 2226, 2228, 2229, 2232, 2235, 2237, 2239, 2240, 2244, 2247, 2257, 2261, 2273, 2275, 2276, 2277, 2278, 2279, 2280, 2287, 2296, 2302, 2309, 2312, 2323, 2330, 2335, 2340, 2341, 2342, 2347, 2348, 2355, 2360, 2362, 2363, 2365, 2366, 2367, 2369, 2374, 2376, 2378, 2383, 2385, 2387, 2395, 2398, 2402, 2403, 2405, 2407, 2413, 2420, 2421, 2422, 2425, 2427, 2429, 2432, 2433, 2439, 2440, 2442, 2444, 2445, 2446, 2447, 2449, 2450, 2455, 2457, 2459, 2463, 2464, 2465, 2466, 2467, 2469, 2470, 2483, 2485, 2488, 2491, 2493, 2494, 2495, 2496, 2497, 2499, 2500, 2504, 2508, 2513, 2514, 2515, 2516, 2521, 2526, 2527, 2530, 2533, 2539, 2541, 2543, 2545, 2548, 2549, 2552, 2554, 2557, 2563, 2566, 2567, 2570, 2576, 2584, 2593, 2595, 2599, 2603, 2607, 2611, 2613, 2616, 2617, 2623, 2624, 2625, 2626, 2629, 2630, 2635, 2639, 2641, 2643, 2646, 2647, 2651, 2653, 2656, 2657, 2660, 2666, 2669, 2674, 2677, 2680, 2681, 2686, 2687, 2690, 2691, 2692, 2695, 2696, 2707, 2708, 2712, 2714, 2715, 2718, 2721, 2723, 2726, 2727, 2728, 2729, 2730, 2731, 2732, 2734, 2740, 2741, 2751, 2754, 2755, 2756, 2759, 2760, 2762, 2772, 2779, 2780, 2786, 2790, 2791, 2795, 2798, 2800, 2803, 2804, 2806, 2808, 2810, 2819, 2825, 2827, 2835, 2839, 2845, 2849, 2852, 2855, 2857, 2858, 2859, 2860, 2862, 2864, 2865, 2867, 2873, 2879, 2880, 2883, 2884, 2886, 2887, 2891, 2898, 2902, 2903, 2904, 2912, 2919, 2922, 2924, 2926, 2927, 2935, 2936, 2937, 2938, 2939, 2943, 2949, 2953, 2954, 2958, 2959, 2960, 2967, 2975, 2978, 2984, 2985, 2987, 2990, 2991, 2993, 2999, 3001, 3002, 3008, 3009, 3011, 3015, 3016, 3018, 3021, 3022, 3027, 3030, 3034, 3037, 3043, 3054, 3060, 3062, 3066, 3067, 3077, 3079, 3080, 3083, 3085, 3089, 3093, 3095, 3103, 3107, 3109, 3110, 3115, 3123, 3132, 3134, 3135, 3136, 3139, 3141, 3149, 3150, 3155, 3166, 3169, 3171, 3172, 3174, 3178, 3181, 3182, 3186, 3191, 3202, 3203, 3209, 3210, 3222, 3225, 3226, 3227, 3237, 3238, 3240, 3242, 3248, 3249, 3252, 3255, 3260, 3263, 3266, 3271, 3275, 3279, 3280, 3281, 3284, 3286, 3294, 3295, 3298, 3300, 3306, 3307, 3309, 3312, 3315, 3325, 3328, 3339, 3344, 3346, 3354, 3356, 3359, 3360, 3363, 3366, 3368, 3376, 3380, 3381, 3383, 3400, 3417, 3420, 3421, 3422, 3425, 3432, 3433, 3434, 3437, 3443, 3444, 3445, 3447, 3450, 3453, 3454, 3463, 3465, 3466, 3467, 3472, 3487, 3490, 3495, 3497, 3499, 3500, 3509, 3511, 3512, 3513, 3516, 3519, 3520, 3525, 3533, 3537, 3539, 3542, 3545, 3562, 3568, 3572, 3573, 3575, 3576, 3577, 3578, 3580, 3581, 3585, 3587, 3588, 3589, 3592, 3593, 3594, 3596, 3599, 3601, 3604, 3605, 3606, 3607, 3612, 3618, 3620, 3627, 3628, 3631, 3633, 3642, 3645, 3659, 3661, 3667, 3672, 3673, 3674, 3675, 3686, 3688, 3689, 3701, 3703, 3712, 3716, 3719, 3724, 3725, 3726, 3731, 3734, 3737, 3738, 3739, 3742, 3743, 3744, 3745, 3748, 3756, 3761, 3765, 3768, 3769, 3773, 3779, 3782, 3787, 3788, 3795, 3802, 3803, 3810, 3813, 3816, 3817, 3822, 3836, 3848, 3854, 3859, 3862, 3864, 3865, 3874, 3878, 3879, 3884, 3886, 3887, 3895, 3907, 3908, 3914, 3915, 3917, 3918, 3924, 3933, 3935, 3937, 3939, 3940, 3943, 3947, 3950, 3955, 3957, 3964, 3966, 3967, 3973, 3976, 3982, 3988, 3998, 4001, 4005, 4009, 4010, 4015, 4016, 4017, 4021, 4028, 4031, 4036, 4038, 4040, 4044, 4053, 4055, 4058, 4066, 4072, 4075, 4091, 4092, 4093, 4094, 4099, 4100, 4102, 4118, 4120, 4126, 4130, 4131, 4138, 4140, 4144, 4146, 4147, 4152, 4154, 4155, 4160, 4162, 4165, 4169, 4172, 4173, 4175, 4179, 4184, 4185, 4188, 4189, 4197, 4199, 4203, 4206, 4207, 4210, 4212, 4213, 4216, 4217, 4221, 4224, 4225, 4229, 4230, 4234, 4236, 4240, 4243, 4244, 4246, 4248, 4249, 4253, 4254, 4258, 4262, 4263, 4264, 4267, 4269, 4272, 4275, 4277, 4278, 4279, 4281, 4283, 4285, 4288, 4289, 4290, 4292, 4295, 4297, 4299, 4300, 4303, 4304, 4309, 4310, 4311, 4314, 4318, 4323, 4325, 4329, 4333, 4335, 4337, 4338, 4342, 4343, 4350, 4355, 4356, 4358, 4360, 4362, 4363, 4367, 4370, 4371, 4373, 4377, 4387, 4389, 4392, 4400, 4403, 4412, 4414, 4420, 4427, 4428, 4434, 4435, 4436, 4444, 4448, 4449, 4450, 4453, 4455, 4458, 4459, 4460, 4463, 4465, 4469, 4470, 4471, 4472, 4473, 4477, 4478, 4479, 4481, 4487, 4490, 4496, 4499, 4502, 4506, 4508, 4515, 4518, 4520, 4522, 4523, 4525, 4529, 4536, 4540, 4541, 4542, 4544, 4546, 4553, 4562, 4566, 4568, 4570, 4572, 4575, 4576, 4578, 4584, 4591, 4592, 4593, 4600, 4602, 4604, 4608, 4618, 4624, 4626, 4630, 4634, 4635, 4637, 4638, 4642, 4643, 4647, 4652, 4653, 4654, 4657, 4658, 4667, 4668, 4671, 4673, 4680, 4684, 4687, 4688, 4689, 4690, 4699, 4710, 4715, 4716, 4719, 4722, 4724, 4727, 4729, 4735, 4736, 4739, 4749, 4751, 4753, 4754, 4755, 4757, 4760, 4764, 4768, 4780, 4781, 4782, 4791, 4792, 4794, 4795, 4799, 4802, 4803, 4804, 4806, 4807, 4810, 4813, 4816, 4817, 4820, 4821, 4822, 4831, 4839, 4840, 4851, 4853, 4858, 4859, 4861, 4862, 4865, 4866, 4867, 4868, 4871, 4876, 4878, 4879, 4883, 4886, 4894, 4899, 4900, 4906, 4907, 4908, 4913, 4914, 4916, 4924, 4928, 4935, 4939, 4944, 4945, 4951, 4953, 4954, 4959, 4964, 4969, 4972, 4973, 4978, 4980, 4983, 4987, 4989, 4993, 4998]
Packed_weights: [10124, 10068, 8708, 8520, 10418, 10968, 8680, 10211, 10181, 9957, 9182, 10441, 10613, 10282, 10138, 10158, 9467, 10611, 10912, 10536, 10448, 10882, 8001, 8137, 10938, 10441, 10911, 10560, 9713, 10152, 10855, 9094, 10877, 8256, 8800, 7944, 8708, 9599, 10017, 10363, 10454, 10127, 10793, 10058, 8495, 10800, 8628, 10706, 9653, 9318, 8489, 9307, 8863, 9553, 10929, 8380, 9540, 8377, 9595, 8883, 10133, 10996, 9826, 8648, 8764, 10427, 10491, 9265, 9105, 8472, 10415, 8190, 10412, 9089, 8770, 10867, 10731, 8303, 9755, 9284, 9611, 10551, 8945, 10419, 8090, 10171, 9306, 8537, 10716, 10227, 9853, 10016, 10774, 9465, 8006, 10897, 10281, 9229, 8514, 9936, 8261, 10904, 10694, 8145, 8593, 8941, 8754, 8388, 10253, 10466, 7968, 8138, 9631, 9851, 10260, 9566, 8865, 8256, 10010, 9538, 10609, 7904, 10673, 10543, 8873, 8606, 8709, 10072, 9673, 9785, 8581, 10190, 8032, 9266, 10550, 9684, 9768, 10800, 9581, 9087, 10450, 10407, 10335, 8455, 9613, 9339, 8489, 8972, 10092, 9394, 9292, 9445, 9792, 8465, 9565, 10582, 9666, 8139, 9494, 10149, 10988, 10215, 10341, 9297, 9222, 8294, 10476, 10390, 8397, 9197, 10039, 8020, 9963, 8142, 10296, 10615, 9136, 9804, 9945, 8686, 10855, 10412, 8672, 9698, 10575, 7951, 9377, 9431, 8088, 10388, 8929, 10204, 9978, 10794, 9714, 8349, 10380, 10221, 8339, 8898, 9877, 8183, 9883, 10951, 10735, 9711, 8702, 8262, 10519, 10895, 9619, 8582, 9702, 8913, 8917, 8469, 8081, 8445, 7983, 8252, 8305, 10426, 9392, 10494, 10660, 9897, 9816, 8348, 10789, 10083, 10686, 8908, 8424, 9603, 8232, 9294, 8207, 8901, 10152, 8158, 10607, 7921, 8455, 8354, 9109, 8973, 10402, 8293, 8175, 9209, 8582, 8493, 9573, 10735, 8576, 9316, 9959, 8253, 10277, 9020, 10410, 9296, 8525, 8382, 9414, 8784, 8408, 8277, 8523, 8610, 8229, 8400, 9251, 8560, 10597, 10972, 9970, 10633, 10248, 9890, 9189, 10200, 8750, 8543, 8737, 9056, 10657, 9673, 8804, 9230, 9709, 10902, 9726, 9116, 9019, 10485, 10456, 9281, 10289, 8084, 9312, 8939, 9659, 8169, 10458, 10588, 8143, 7970, 8157, 9354, 8359, 10865, 10711, 9663, 8752, 10707, 8213, 7926, 10663, 10230, 9303, 10348, 8558, 9454, 10237, 8828, 8117, 8628, 9460, 10822, 8291, 10171, 8871, 7984, 10963, 8468, 10654, 10708, 9319, 10054, 10409, 10684, 7945, 8564, 10686, 9642, 10901, 8574, 10139, 8520, 10282, 8149, 8785, 9698, 9356, 9743, 9110, 10303, 8145, 10523, 10958, 10819, 10813, 8613, 8491, 9899, 9917, 8311, 10663, 10967, 8483, 10293, 8078, 10669, 10068, 10359, 10538, 10916, 9380, 10985, 8701, 9281, 10924, 10260, 8332, 10794, 10422, 10652, 9061, 8123, 8654, 9064, 9913, 8951, 9078, 10907, 9783, 10148, 10998, 9726, 8767, 10785, 9189, 10767, 8329, 8636, 9500, 10838, 10134, 9652, 10956, 8145, 8200, 8850, 10842, 8139, 10862, 10552, 9286, 8455, 10204, 10776, 10742, 9266, 7996, 9377, 10729, 9757, 8031, 8076, 7987, 8660, 9072, 8708, 8060, 8869, 9285, 7937, 10821, 7906, 7931, 10776, 10428, 10453, 8301, 8852, 10628, 9138, 10482, 8157, 10734, 7914, 10864, 10129, 10373, 8015, 9487, 8235, 10103, 10139, 7942, 9032, 10920, 10438, 9454, 8415, 10516, 9221, 10042, 9155, 8567, 9033, 10460, 10961, 9460, 8393, 9610, 7917, 9831, 8679, 10022, 10894, 10263, 10541, 8786, 9314, 10101, 8881, 10463, 9359, 8712, 8287, 8476, 10028, 8622, 8281, 10956, 8089, 9152, 10827, 10573, 8358, 10019, 9890, 8833, 7995, 8632, 9188, 9635, 9398, 10803, 9605, 8435, 10935, 10876, 10270, 9474, 8142, 8082, 8595, 9701, 7937, 9256, 10317, 8787, 8605, 9283, 8804, 8182, 8520, 9860, 10188, 10692, 10758, 10287, 9462, 8495, 9127, 8801, 8817, 9797, 9616, 9370, 9787, 9918, 9006, 8936, 8346, 8760, 8816, 8631, 9751, 7969, 9203, 9642, 9587, 8822, 10841, 9484, 9075, 8372, 10348, 9562, 8954, 10649, 8639, 10741, 9176, 9189, 9397, 9179, 9670, 9133, 10863, 8939, 10382, 9962, 10710, 10109, 9998, 10851, 8562, 10454, 10868, 8745, 9264, 9637, 8762, 9709, 9530, 8065, 10022, 10820, 10319, 10490, 9903, 9978, 10036, 10642, 10353, 9574, 9930, 10457, 8151, 8011, 10126, 8850, 8994, 9411, 8853, 8439, 9325, 9724, 9147, 8036, 8539, 10181, 8363, 9986, 10150, 8379, 9171, 9872, 10304, 10815, 10700, 10961, 8622, 8198, 10321, 9568, 9390, 8809, 8770, 9399, 9651, 9855, 8876, 10125, 8680, 9073, 9770, 7910, 10269, 9444, 10877, 10201, 10939, 8345, 8906, 10931, 8311, 8224, 10484, 9447, 10028, 8407, 8282, 10919, 9363, 9850, 8726, 8501, 10888, 10745, 8478, 10739, 9360, 10373, 9109, 9424, 9074, 10216, 9996, 9490, 9427, 9957, 10586, 8900, 10521, 10735, 9041, 9429, 9454, 8976, 8225, 8169, 9446, 9684, 10503, 8111, 9397, 8687, 10870, 10886, 9235, 10536, 9810, 9280, 10502, 10360, 9213, 8385, 8811, 8437, 8822, 8639, 9233, 10059, 8091, 9876, 10852, 8794, 8123, 8545, 8151, 10884, 10100, 9731, 9814, 8413, 10055, 10029, 10398, 8990, 10895, 10236, 9473, 9711, 9548, 10184, 8421, 9644, 8691, 10200, 9129, 10960, 10402, 9033, 9362, 8848, 9698, 9762, 7914, 8806, 9531, 8409, 10564, 9022, 8679, 10001, 8130, 10570, 8715, 8744, 9121, 10961, 9308, 8455, 9474, 10483, 9506, 10069, 7930, 9055, 10518, 9669, 10478, 10597, 8735, 9213, 10421, 8969, 9241, 8776, 7930, 10062, 8432, 8568, 8073, 10162, 10633, 9545, 9779, 9097, 8174, 8457, 9976, 10942, 9043, 10727, 9622, 8962, 9540, 10644, 8012, 10097, 9059, 10984, 8268, 8684, 10351, 9120, 8733, 9433, 9443, 10964, 10448, 8108, 10853, 9772, 10942, 8220, 7936, 9224, 9994, 8792, 9380, 8714, 8556, 9546, 10407, 10314, 7994, 10347, 8119, 10487, 9040, 10972, 9685, 9600, 9376, 10719, 8109, 10999, 8146, 10344, 9799, 10140, 9662, 10193, 8538, 10794, 8038, 10046, 8095, 10414, 8238, 9584, 8880, 8469, 8919, 8042, 10075, 9218, 9927, 8629, 8810, 9198, 10781, 10214, 10264, 8081, 8282, 8388, 9850, 9334, 10973, 9477, 7939, 8016, 10877, 9060, 9713, 8818, 7955, 9843, 8446, 8203, 8364, 9724, 10249, 8764, 9723, 8206, 9723, 10180, 10859, 8452, 9084, 9802, 10034, 8926, 7985, 8954, 9618, 8966, 9019, 10327, 10599, 9493, 10633, 8446, 10415, 10101, 10137, 9738, 8639, 8320, 9389, 8660, 8435, 10337, 8954, 10921, 9815, 9051, 8291, 10594, 10684, 8140, 10503, 10043, 8040, 9674, 8310, 8620, 9538, 10887, 10204, 9866, 7948, 10181, 9952, 10574, 8948, 10939, 8877, 9684, 8000, 9302, 10662, 10880, 10792, 9417, 8084, 10040, 10362, 8137, 9566, 10256, 10555, 8882, 10991, 9049, 8456, 10845, 10272, 10523, 9408, 10689, 9603, 8628, 8774, 10851, 10501, 9702, 10626, 10954, 8580, 9033, 8439, 10545, 9676, 8898, 9843, 8761, 8552, 9432, 8945, 10827, 8862, 8083, 8251, 10430, 10602, 8654, 10900, 9133, 10269, 8948, 9029, 9893, 9121, 8156, 10697, 8088, 9276, 8433, 8653, 9569, 8941, 8833, 8147, 8836, 9952, 8344, 8337, 8160, 9289, 10596, 9013, 9179, 10554, 7956, 10332, 9502, 9510, 9467, 9803, 8264, 8066, 10670, 10024, 10987, 9342, 9116, 10579, 9122, 8023, 7994, 9920, 8956, 7947, 9723, 8545, 7995, 7991, 9279, 9233, 10730, 9715, 9236, 10152, 8410, 10662, 10665, 8943, 10082, 9411, 9629, 10837, 8460, 10597, 9136, 10173, 10444, 9876, 9528, 10947, 8425, 8385, 8291, 10228, 8007, 8254, 9941, 9077, 10362, 10328, 8923, 10781, 8637, 9525, 9090, 10482, 10236, 10488, 8493, 9284, 9360, 10489, 8835, 9175, 8659, 9752, 10030, 8229, 10536, 8130, 10405, 10458, 9461, 9529, 9815, 7985, 8215, 9985, 8054, 8623, 10704, 8169, 8492, 8128, 8017, 9061, 9006, 8331, 10136, 9813, 10264, 9202, 10046, 10808, 10136, 7968, 8363, 10826, 7984, 8856, 7988, 10152, 10701, 10819, 9905, 8706, 10677, 10759, 8833, 9468, 10174, 10468, 10022, 10625, 8097, 9767, 9252, 9774, 9011, 9721, 8136, 9292, 8845, 8193, 10444, 8069, 9589, 9187, 10508, 10502, 9058, 9766, 10051, 8421, 9976, 10498, 8005, 9739, 9614, 9075, 8995, 10118, 8044, 8823, 9568, 8751, 9431, 10664, 10197, 10654, 9429, 9537, 9892, 8277, 9854, 8011, 8948, 9108, 10119, 8628, 10148, 9621, 10044, 8726, 10110, 10888, 9561, 9809, 8918, 9002, 9070, 10642, 8227, 10725, 10186, 8160, 10243, 9753, 9448, 8155, 8106, 9823, 10548, 9450, 9894, 8001, 7914, 8340, 10418, 9865, 9309, 8702, 8399, 9671, 9981, 9053, 10256, 9628, 9141, 9182, 8424, 9275, 8115, 8978, 8556, 10906, 10199, 10657, 9069, 10568, 10587, 9180, 10720, 9436, 10121, 9867, 8747, 10281, 9849, 9874, 7994, 10350, 9232, 7977, 9609, 8736, 9970, 10376, 10716, 9681, 10380, 10485, 9172, 9312, 9440, 8245, 8684, 9377, 8695, 10788, 10550, 10783, 9465, 9581, 8350, 8747, 10151, 8970, 9386, 10090, 10353, 9675, 10697, 9375, 10214, 9667, 8525, 9901, 10555, 8387, 10949, 10694, 9977, 7968, 10343, 10281, 8910, 9487, 10033, 9349, 10538, 8340, 10435, 8984, 9098, 8418, 8383, 9923, 9628, 9349, 7906, 10819, 8724, 10539, 10295, 8824, 9514, 10598, 9806, 10906, 9467, 8221, 10336, 10703, 8700, 9432, 10938, 9056, 9570, 8890, 8585, 8487, 10393, 8907, 9437, 9376, 10205, 8691, 8418, 10983, 8664, 8931, 10528, 10658, 9897, 10509, 10040, 10090, 9876, 9029, 10386, 10899, 10902, 10545, 9330, 8420, 9550, 9984, 8926, 8172, 8947, 10381, 9953, 10884, 8600, 8713, 9392, 8664, 10931, 10248, 10401, 10611, 10319, 10635, 10808, 8975, 10958, 9647, 10193, 9029, 7954, 10903, 10670, 8598, 8800, 7995, 10582, 8378, 10382, 9412, 10598, 10033, 10820, 8417, 8445, 8916, 8380, 9233, 9816, 8241, 10642, 10046, 8584, 10132, 10418, 9448, 9924, 10974, 10441, 10975, 10768, 10926, 9740, 9717, 10125, 10740, 10052, 9252, 9949, 7962, 9448, 8671, 9768, 9126, 10150, 7921, 9085, 10790, 8527, 9051, 7897, 9987, 10700, 9485, 9486, 8349, 8723, 9838, 10570, 10523, 8749, 8897, 9771, 10373, 9507, 10484, 8712, 10496, 8648, 8840, 8146, 10364, 10586, 10100, 10567, 8408, 7937, 8246, 9446, 7932, 10699, 10909, 8891, 9418, 10482, 9596, 8621, 8093, 9567, 9439, 10179, 9257, 8211, 10672, 8084, 9385, 8116, 10785, 10326, 10404, 9922, 8635, 9180, 10760, 10500, 9149, 10800, 9863, 10234, 7950, 9570, 9491, 8295, 8702, 10985, 10639, 10851, 8314, 8018, 10354, 9603, 8055, 9208, 10854, 8428, 10329, 9077, 10975, 9274, 10496, 9855, 8699, 9961, 9024, 8797, 10200, 8756, 8572, 9177, 10082, 9695, 10047, 10845, 9709, 8205, 10933, 9147, 7922, 9922, 7979, 8301, 8492, 8595, 7911, 9825, 10835, 8024, 10450, 10953, 10833, 9634, 10899, 8927, 8448, 10028, 9512, 10569, 10903, 10294, 9213, 9555, 9992, 9729, 9538, 8423, 9145, 10082, 8900, 7937, 9176, 9828, 8137, 8553, 10075, 10839, 10668, 10529, 10771]
